455819233,1338037222,1579357906,1155397296,692820288,1259459205,475630718,1438520675,670428961,400189980,130489885,1563129633,1164790276,1199504485,1715160904,79712221,1922343530,745500747,156709961,1002036376,1032188999,1135163114,2000672049,268456215,1018997975,1486382110,806894690,1551565495,305155430,1659820824,1958265357,1772051989,10,


1603573752,1787269045,1139258515,619170021,337378537,1433097816,2139683583,763015421,657057023,1958313075,1724744513,1084859348,399154080,621042709,607852756,2026660304,1658116848,908865232,1127187739,743454145,1305749946,548389163,1285667635,52149020,160055671,1806797174,1407429128,742974650,118153830,230618224,482372469,1196581698,10,


1603573752,1787202465,1089245397,551860297,337374801,1607169372,2090400383,691712733,641283277,1974004739,1787543133,1084859348,535478244,553778741,607850708,2022634964,1796249810,1017691646,1194033455,542143713,1305749946,548389163,1285667635,52149020,82935845,1622262128,1457752588,742974650,118153830,230618224,482372469,1196581698,10,


1989122921,1683541455,1557642683,1826023528,1335426144,107437118,1650524502,1450324469,214682563,221216343,319148340,1790625882,801845025,276410556,504229956,1525990723,1423540998,1833934939,132093700,873131854,1551621132,174629533,927196974,810739122,66506727,1534327288,1000355421,389199293,878839519,1897876131,1849991970,49036544,9,



Dondeviven los monstruos
997625939,1805331831,1663969102,700838512,1511800623,177602682,1817362703,1740701491,834280066,718555512,1870639646,1569697129,15062884,675553176,1839253577,1071212316,1063341670,1808552324,494224775,62392172,984705501,1504156181,2085464081,1418599083,1937961141,2008197806,100916426,1963430077,190188881,975851586,1756496350,964554791,1,


Softology
2130745774,1131744572,445687084,1060818517,632340591,664805435,1031291431,1582061117,1770560948,801794317,2121159730,1772511959,422238578,1922667967,1133053772,1249926020,881746988,1172696848,1620283924,264325506,1762610069,146188819,1981482637,461921144,1746548658,1349337753,1417775744,1756974243,121252119,133793798,1880453819,1739115770,7,


Blob Stuff
1660765031,1457101545,1274610896,703683000,1807848156,819284918,1121713261,762985118,664094597,2107965504,158843133,1144810318,351152612,10374260,1817320972,2040121134,677618675,336951933,172095776,428549651,1382750585,968213070,1203407637,2048158850,2002003319,1222702947,38930510,925977535,523209984,182449802,1393033031,1907446122,10,